01001000
01001001
01001010
01001900
01001901
01001902
01002000
01002001
01002010
01002020
01002900
01002901
01002902
01002903
01003000
01003001
01003010
01003900
01003901
01003902
01003903
01003904
01003905
01004000
01004010
01004900
01004901
01004902
01004903
01004904
01005000
01005010
01005020
01005030
01005900
01006000
01006001
01006010
01006020
01006030
01006040
01006900
01006901
01006903
01006904
01007000
01007010
01007020
01007030
01007040
01007050
01007060
01007070
01007080
01007900
01007901
01007904
01007905
01007906
01008000
01008010
01008900
01008901
01008902
01008903
01008904
01008905
01008906
01008908
01009000
01009901
01009902
01009903
01009904
01009905
01009906
01009907
01009908
01009999
01010000
01010001
01010010
01010900
01010901
01010902
01010903
01010904
01010905
01011000
01011100
01011900
01011901
01011902
01011903
01011904
01012000
01012001
08664150
08664200
08664210